40 17152
47 2131
50 6851
130 6042
152 967
158 30332
266 476
408 6851
519 9
558 2696
576 476
632 216
650 5667
664 6849
686 34958
710 89
728 12330
751 18796
755 30332
768 6849
801 2885
806 15869
827 28080
834 6851
847 6849
896 12538
899 15066
925 6849
941 14430
995 8449
1009 1184
1071 1217
1102 11400
1349 30332
1359 2310
1559 6851
1691 2696
1703 2696
1758 1600
1823 2696
2058 2696
2097 9627
2129 17152
2131 2492
2203 89
2207 164
2225 181
2254 4574
2258 30332
2297 6849
2425 2696
2461 1159
2770 2696
2889 6849
3062 390
3089 2172
3197 2462
3235 2696
3261 2696
3334 2696
3339 164
3340 6849
3430 17152
3431 2696
3475 2695
3665 2696
3717 927
3769 1468
3810 3799
3872 2696
4064 2171
4089 158
4158 3036
4179 2258
4184 13510
4210 22373
4278 6849
4395 2696
4473 1184
4491 2906
4510 3002
4657 4632
4678 17152
4779 37
4797 6849
4944 2696
4997 6849
4998 34958
5005 1204
5011 4267
5094 13510
5191 3436
5206 16
5223 236
5381 1759
5495 9627
5514 5471
5539 1805
5777 1184
5826 1699
5855 4099
5877 6849
5918 83
6009 164
6028 2885
6432 224
6462 3436
6479 2298
6498 6849
6540 1931
6557 4738
6596 5566
6625 50
6625 6851
6731 2198
6799 3436
6815 2065
6840 6849
6922 770
7001 476
7073 4706
7081 143
7105 6908
7134 896
7180 2695
7224 164
7232 6567
7237 3527
7238 15814
7240 3963
7504 12616
7558 4319
7621 21861
7772 2298
7790 4418
7906 5084
7967 6736
7970 8072
8037 17152
8061 7135
8213 5519
8260 8025
8299 4996
8321 775
8364 2696
8479 6851
8616 6849
8733 1217
8738 8570
8764 941
8772 8090
8824 7774
8843 17152
8850 14046
8901 2696
8910 1699
8928 7774
9127 697
9184 2696
9199 28080
9269 7571
9289 10930
9306 1184
9317 15814
9336 1020
9351 2298
9357 2466
9422 7099
9656 2695
9687 17152
9961 9767
10069 2695
10295 8082
10408 13510
10488 8082
10548 10996
10702 1784
10811 5652
10856 10351
10862 13510
10990 13510
11099 10112
11120 17152
11129 9577
11154 12538
11217 7866
11291 11154
11327 6981
11333 3002
11373 10336
11414 390
11429 2437
11449 2951
11485 476
11728 2298
11812 18111
11884 5495
11991 5251
12045 2695
12047 7851
12129 5039
12153 2695
12218 13510
12233 4504
12234 1033
12275 3219
12300 408
12300 6851
12412 1841
12587 13275
12650 5113
12666 1
12692 5566
12703 2466
12762 2695
13081 27808
13102 8011
13185 9550
13196 6240
13284 5948
13368 13693
13405 13510
13503 13510
13569 2916
13606 390
13618 17152
13695 2198
13758 30332
13762 6849
13958 11339
13974 7680
14169 7145
14278 12616
14353 6849
14426 2951
14467 6494
14490 9497
14567 5519
14651 7030
14662 34958
14677 4218
14718 12912
14795 10922
14820 30332
14825 6851
14853 6693
14873 1120
14907 2695
15014 14168
15065 2466
15138 9977
15216 14884
15220 13683
15263 7866
15464 17152
15519 12250
15533 9977
15590 5566
15598 224
15598 13662
15615 4649
15640 6896
15688 770
15715 2695
15779 2695
15828 982
15895 17152
15919 7680
15943 4421
15953 10082
16078 18972
16115 11872
16137 10229
16472 8576
16499 16115
16515 11407
16588 987
16609 2298
16691 27808
16780 4142
16806 5652
16870 1051
16870 11885
16962 6331
17114 11812
17134 12330
17140 17152
17213 4287
17228 18232
17233 2065
17290 1035
17315 3680
17346 17584
17422 2951
17433 987
17462 15361
17549 1805
17577 6851
17642 17338
17662 17152
17736 6042
18006 15814
18121 14546
18186 1759
18269 17210
18297 12262
18312 18232
18342 7069
18425 17152
18488 9
18488 2258
18528 14958
18572 11546
18621 12262
18668 18008
18765 9
18788 14766
18827 17152
18876 18243
18908 2466
18919 17482
18930 18812
18936 18935
18989 10336
19030 12330
19113 12538
19119 12265
19184 14421
19201 12538
19279 6592
19376 17152
19401 2569
19429 6851
19467 2696
19487 16
19673 16220
19690 7064
19726 18958
19809 14430
19852 9977
19853 17152
19861 8276
19894 6849
19939 8436
19940 2569
19940 18972
19963 15869
19971 17152
19992 19985
20013 6849
20016 13510
20016 14766
20045 13448
20055 9361
20113 14766
20118 18111
20165 7932
20195 14766
20198 5228
20199 5652
20199 10811
20207 15814
20215 338
20268 6851
20296 390
20440 20143
20450 15049
20456 748
20513 12608
20525 20405
20600 14766
20602 6849
20656 2885
20746 8290
20771 3106
20782 14766
20826 8570
20850 17152
20906 13510
20938 13305
20946 20947
21119 13448
21151 18232
21183 13069
21207 987
21240 12962
21280 3983
21308 14162
21369 13069
21515 15814
21523 45
21550 21520
21616 15361
21654 15383
21660 9642
21773 35367
21841 20732
21892 15009
21919 17152
21967 21779
21976 2065
21991 7351
22028 22034
22133 20457
22160 1020
22357 7254
22435 5652
22449 6479
22484 13510
22624 20732
22642 22148
22797 2026
22841 8877
22867 21512
22879 14766
22905 23989
22957 6849
23081 15869
23097 22997
23224 7763
23225 17152
23237 15814
23349 17152
23473 22373
23508 23449
23513 18774
23515 6849
23537 15049
23562 390
23590 14766
23595 14910
23613 17152
23683 23620
23701 9422
23710 1934
23808 17152
23858 22373
23919 2026
23935 6849
24028 15361
24126 3476
24194 1759
24268 1431
24345 13335
24427 23742
24429 14256
24445 2065
24445 27127
24495 14766
24570 1
24570 236
24604 6849
24646 2472
24670 927
24684 2885
24752 18232
24959 25024
24966 13510
25016 5652
25025 24575
25116 17152
25164 17152
25178 601
25193 23199
25222 7238
25225 23404
25258 17152
25278 3963
25349 24293
25354 13510
25422 21965
25430 12330
25492 17152
25511 1452
25535 2916
25552 24575
25561 89
25585 21296
25624 1931
25626 24379
25648 17152
25693 476
25698 28296
25707 14630
25731 1699
25797 22912
25854 14628
25870 6849
25974 14766
25983 30332
26133 32469
26170 15932
26215 18644
26226 14249
26238 5414
26239 25254
26363 476
26459 18232
26461 17152
26463 26123
26532 14766
26621 16657
26635 22624
26726 181
26726 13510
26745 3930
26813 12802
26826 637
26866 12330
27064 26001
27143 18008
27214 21616
27250 18312
27268 1799
27367 27321
27387 1114
27415 29193
27417 12150
27470 9541
27473 13448
27473 25008
27658 16367
27673 6981
27725 2535
27749 14766
27817 823
27821 9679
27996 27508
28037 5519
28037 27127
28129 2298
28136 18065
28148 1431
28515 823
28551 4418
28581 2603
28637 20733
28644 14249
28652 8276
28711 2492
28711 18644
28731 14231
28745 34227
28779 30332
28823 17402
28866 27808
28887 15932
28922 6851
28970 22239
28987 26632
29165 15645
29199 7774
29208 2603
29282 12538
29350 5566
29384 20317
29411 823
29452 6435
29488 29677
29494 24398
29495 6851
29502 27484
29538 285
29630 19094
29631 6372
29637 10414
29697 29677
29792 12538
29845 12114
29875 9237
29877 22867
30030 20230
30087 1020
30095 29706
30144 7593
30183 7358
30211 30332
30216 19217
30259 24575
30322 21141
30487 18111
30556 483
30750 13510
31804 1120
31811 1624
31836 29416
31858 25964
31966 29769
32009 25584
32106 32046
32135 15869
32373 29416
32405 17871
32417 15869
32430 14910
32584 13510
32608 2065
32659 25847
32663 6849
32691 2065
32789 22979
32805 29223
32829 9905
32857 29677
32914 3359
32929 13510
32974 18663
32977 23622
33054 32979
33065 25948
33092 24084
33216 14430
33291 29677
33329 4117
33329 12616
33390 8536
33512 7079
33515 23396
33526 16149
33701 17319
33728 1964
33811 23396
33894 4122
33894 4287
33901 12626
33941 22997
33981 6849
34058 27808
34059 4955
34078 13510
34078 24575
34115 2951
34127 27816
34136 13510
34248 17159
34361 17152
34489 1784
34499 17152
34507 12626
34541 4206
34573 13448
34618 19333
34810 30332
34984 27690
35014 24575
35189 31933
35493 29677
35699 35541
35794 35956
35816 390
35818 32598
35819 3986
35836 33702
35850 6849
35931 33610
35943 164
36030 35847
36084 2885
36084 6028
36084 6183
36131 35847
36342 35847
36468 3680
36469 17152
36629 27156
36794 23322
36822 20619
36843 27224
36899 2958
36978 14764
37142 16657
37220 24575
37230 36629
37246 15388
37308 15701
37314 17152
37321 25635
37382 17152
37397 33064
37452 17152
37470 18232
37532 17152
37580 30674
37590 37327
37604 4418
37685 25646
37697 23010
37698 9642
37736 20032
37736 36828
37754 33798
37787 2305
37788 5652
37810 89
37810 710
37839 20364
37871 21556
37874 37855
38002 14023
38010 27360
38138 1759
38146 18765
38179 2432
38179 21112
38246 37992
38256 21112
38258 637
38295 17587
38351 11789
38373 35847
38378 13605
38409 33142
38426 6849
38460 21112
38486 13335
38501 28296
38510 38329
38551 17152
38610 12097
38645 1120
38769 16220
38800 7774
38800 29199
38806 37443
38870 2298
39137 33291
39344 3091
39353 4251
39372 35351
39397 17152
39435 24398
39536 28296
39562 37327
39602 27816
39682 4418
39693 158
39693 30332
37997 18823
39809 4132
39892 24039
25905 6034
1485 9325
366 9325
22541 16236
2245 9361
39960 27808
40030 12332
26161 13510
36471 15361
40304 701
40344 15361
40399 26879
40411 40028
36706 38722
40412 23010
37292 38722
40462 23404
40465 12608
40625 7069
40737 30541
40897 26917
40813 16257
40914 24575
40963 20732
40960 32589
4287 27808
7983 27808
41023 2086
32312 7145
38779 6849
41431 1020
41518 32673
41697 6851
40917 40945
41937 15869
41873 35847
5443 17152
42097 26879
9997 9826
42206 28711
42426 35847
8194 1468
3742 2696
42681 40517
16924 30332
33471 35847
42854 37570
32115 31915
43086 35847
43092 1759
9248 17152
43289 6849
42272 27808
43383 29677
43434 6849
43429 7866
36838 89
43476 30332
43495 2026
43155 35847
43512 4062
43552 2298
43605 2958
43624 13510
24079 13452
43625 2298
42234 35367
42233 36860
42325 6736
42227 28296
44033 9545
42409 43444
44058 43998
44209 27808
44215 2492
44267 14231
44205 21141
44398 40924
44632 17152
44642 4623
44600 7003
44752 6851
11760 6851
44821 35847
36377 20728
45107 24575
45168 4955
45160 41548
45240 4955
45361 4187
45446 17587
23440 34873
45491 43482
45499 43795
45695 40383
45705 16836
45815 3091
32298 3134
28298 14046
9929 3134
45952 1759
45928 40934
45951 12962
44183 1759
46010 2695
46010 13510
45944 45652
45972 5667
45921 2298
45921 28536
46164 35847
33479 12470
46296 11407
28474 5796
46482 18029
46482 35847
46060 45779
46597 45943
46552 7358
46615 10519
46731 25149
46806 8295
46810 1020
38074 29394
46814 29394
46982 18644
2700 16657
42761 26896
46545 35847
46965 18777
44831 35847
47175 6851
47389 35847
47290 1120
47263 21141
8112 1156
47577 418
47709 5566
47613 3986
47651 45008
47796 15361
47833 39230
47903 25646
47964 6851
48012 23969
48121 34948
48140 27808
48203 17152
48169 12834
48214 13510
48266 341
48266 4236
48295 35847
48325 25646
48364 44144
48431 3135
48447 35847
48505 25646
48594 8276
48574 6603
48722 48720
48751 10523
1629 11400
48839 4142
48733 637
48906 12616
48904 4955
48908 14910
48931 20599
48997 9977
49079 46873
49115 27007
345 609
49186 158
26584 22778
42377 24575
49555 28296
49594 13510
49594 32589
41046 17152
49689 33994
49771 21112
49799 3002
83 12538
29907 26178
49908 42771
50077 30332
50076 20256
50611 49465
50751 341
50775 26142
50780 50025
50864 15869
50853 12834
38649 26157
38649 28226
28226 26157
50883 50448
50901 2026
22452 43517
51204 6849
51232 33496
51407 1020
51559 6849
51554 12626
51579 13510
51536 36860
51253 51601
51622 9642
51645 38388
19606 35847
50744 40754
17640 43361
28217 25359
51927 50961
51927 18029
52044 34444
37185 25359
41361 25646
41754 27808
52473 7358
52651 2305
52622 14910
37599 32948
37447 14430
52498 25359
36536 2065
43042 13510
23391 45069
53041 27808
52918 35847
52983 32857
52990 1198
53192 20732
53103 24825
53223 2696
10037 27808
53384 2569
53588 15814
47822 42641
53761 35847
53672 22018
29389 17152
53803 38129
49091 35847
53395 53064
53497 26846
53572 3219
48063 24575
18580 37417
28896 21015
42385 52929
53997 11407
54027 6851
54069 164
54047 25646
9327 823
53995 28296
54237 35367
54374 1020
54397 49271
54338 28662
52403 34647
52397 18587
52397 35847
54590 43357
54590 43672
54474 7069
54811 12033
50675 27083
54839 5154
54831 24332
9541 27083
54883 18644
54938 7069
54956 25646
54982 9642
55100 12347
55104 5414
55124 37141
53898 44249
55189 2466
55256 17152
55286 12330
55336 27808
55406 9
55373 8674
55624 17414
44080 25359
55888 17152
55535 17152
55804 1949
55866 876
44128 39548
41568 32589
55933 52580
55993 52140
55995 216
55451 32589
32162 7731
56110 56112
56155 13510
56289 56112
22003 4053
56477 1759
56524 2298
33964 17994
56613 3079
56687 1624
56587 47650
56415 56258
56858 12330
56858 5566
57001 51753
57064 2086
57091 55733
56952 13510
56848 17152
57171 56112
55067 56020
57300 13448
57514 56112
57532 927
57578 16915
45071 39265
57554 20599
57658 39382
44357 6949
57592 30293
57628 13510
57778 34625
54144 54902
57810 54902
56784 13347
28891 927
18796 7358
58092 1759
55025 44620
58297 51153
58326 56258
58294 5566
58056 41456
58488 13510
58901 5566
58959 15814
58959 35016
47825 27808
18320 7358
46999 20855
59291 17152
54175 12330
59243 51153
59479 27816
59457 4142
59482 59270
59632 1699
59755 6851
60030 38388
60023 27127
60102 17152
61029 12639
61162 13510
44861 32673
61245 29677
61246 26855
61288 4206
61297 24332
61311 15042
61323 36521
59891 17152
41045 18312
44220 35847
45701 35847
45631 41813
61649 17152
39128 27516
61866 35452
62056 12538
62217 49114
62376 47948
60194 56258
62120 53426
62373 40763
29511 19336
62433 26310
62433 27808
62601 30448
62523 35847
62653 2086
3932 6849
2622 15932
62750 55887
40964 17152
62756 62963
39823 47202
63322 18008
63354 13448
63346 63272
63504 39707
63499 36828
46857 63630
63865 30332
63865 1949
63816 56112
64128 27808
64111 5566
64058 6849
64058 17152
64304 13510
64304 56112
64255 2581
64186 9642
64361 12834
64366 32759
64411 56112
64266 43707
64481 24570
64373 64569
64520 64380
64528 53467
64676 50491
61155 59861
64550 29394
64550 17152
64505 38722
64848 58273
64944 1369
64354 47975
64354 28296
65039 15361
65069 56595
65086 25750
65247 47202
65208 36828
64974 41839
65105 4418
65066 30332
65394 10253
63915 5414
65009 49832
65261 14683
65709 6849
65695 44270
65816 46499
65878 65844
46259 45988
57211 2078
65989 12616
66179 13510
45178 65288
66436 15434
66694 6849
44860 42347
25623 56269
33125 27083
66985 38123
67068 45834
67142 67157
66872 44608
66717 15404
67675 56112
67724 63904
67714 53757
68120 22997
68243 15361
68404 2885
68459 56661
68487 2773
68889 49888
69036 13510
69040 12834
69084 10229
67221 6849
69480 63630
69480 60022
63863 58770
67994 17152
69263 29769
69734 236
69770 69552
69804 14766
69759 14231
69949 35847
69985 56661
70020 17152
56491 44608
70110 1468
70137 13510
70250 1759
70287 6849
71339 13510
71369 17152
71560 5796
72864 17152
72943 7169
72966 28296
72966 25646
73035 17152
73089 2198
73217 65762
73253 7169
73149 17152
73399 15814
73428 27816
74668 44608
74798 12538
74811 13510
74698 28296
74698 3135
74923 15869
75030 58592
75166 74933
75260 74973
65992 44608
20606 53903
75344 63630
75291 38722
75422 25646
75478 44608
75382 26860
75543 20503
75543 51153
75673 6849
75665 52099
75665 18644
75056 75684
75689 35847
75544 27808
75730 62749
75755 4955
44615 7169
75807 44615
75791 17152
75778 36860
75778 35847
75816 27808
75826 29769
75848 2392
76976 27
77015 12834
77015 25646
76985 23010
77070 9101
77140 13510
77155 2405
77106 38297
77121 30332
77307 12538
77416 15001
77420 17152
77353 13510
77494 43718
77601 26632
77601 29976
77670 4003
77542 39431
77774 64381
77723 14683
77838 63904
77874 62349
77782 23010
77858 25210
77981 21566
77900 19036
77900 1184
78041 56119
78118 39180
77104 52725
78113 4206
43876 24609
78373 70215
78496 6849
78527 12834
78472 10115
78510 10115
76997 25646
76997 54272
78517 54337
77215 27808
75924 43444
77134 63630
78339 14683
78576 22884
78730 26372
37020 1468
78789 23010
58459 50721
58346 25491
49509 61540
78993 39583
78983 35847
79016 38388
79085 15869
79095 9101
79310 44918
79403 25646
78901 39424
79494 44608
78627 78397
79628 13510
79628 56112
80678 17152
80723 57824
80901 25065
80931 12723
81004 17152
81115 23010
79557 14683
80936 29447
81014 22997
81262 12608
81262 9101
81292 22848
81281 5796
56407 15869
81285 15869
81568 25646
41166 66285
81597 45920
81555 81540
41496 19092
81716 20032
81906 66538
81967 17152
82156 1699
82140 35847
79180 35367
82229 12831
82293 75684
82210 25646
82428 75684
56661 57456
82359 63630
82605 41455
82621 2579
82356 36828
79515 70243
82880 61338
83211 27083
83493 48482
83417 14267
82733 17152
83776 83742
83799 83516
83773 57441
83946 2305
84040 83292
83964 27083
84265 4067
84232 55920
84198 23563
84311 6849
48846 70215
84532 17152
83758 13448
84720 25065
83323 24304
84852 23010
84859 23055
84838 23010
85034 84738
84085 2305
85069 9699
85459 52050
85595 35925
85595 75344
85360 30332
85849 12538
85804 42335
85910 27083
86092 13448
86158 62237
86025 43517
86102 17152
86168 79342
86643 22979
86626 75684
86141 73168
86856 13510
87263 50785
87251 20256
87353 63630
86799 27083
87541 78404
87539 63630
87522 75684
87587 44608
87249 11789
87132 69097
86811 27808
87262 164
85846 24847
86982 64457
87481 164
87510 1020
84282 27083
87815 64097
87833 78404
85584 23055
87106 27473
88099 20886
86785 34958
88199 75684
88215 62081
88279 66080
88282 2885
6183 2885
71756 80809
68580 57456
88320 29706
88692 1020
88981 6849
89060 56090
89032 1960
87428 85752
89323 44608
89013 69981
88890 20032
88932 13510
86317 24039
89590 42506
89107 29416
84619 29416
84136 29416
65523 29416
73381 29416
89720 1020
89886 75684
89755 88850
89981 9545
88945 12766
90086 41331
64600 1070
65978 58307
90198 54776
87044 36860
89861 12538
89572 57125
90306 47625
79489 11789
68548 49910
59559 17152
90376 12626
85453 19935
90183 43517
90210 23010
90210 9541
88680 25702
91406 50404
89951 89192
90311 28488
90322 42562
60000 42820
60000 23010
91435 91474
91601 18008
46061 17152
39850 2065
91633 13510
89726 4418
91538 47625
86513 12834
38941 13510
9832 6851
13573 6736
39803 22373
55201 13510
67921 12834
58952 1931
68024 38555
67026 55953
90258 6851
53257 29677
51654 13510
33802 35367
33476 15814
89648 24341
88870 79480
91851 65515
91984 13448
89245 27083
91982 390
91840 27083
92273 78193
92180 51668
91923 33661
92511 17152
91902 16389
92981 23010
92235 42474
93297 13510
92806 92900
89418 42157
89418 61611
92427 32963
93244 51668
93024 43517
92983 35847
93475 87671
87940 35847
93641 3091
92400 35925
60278 23109
93881 2065
94088 75684
95139 1759
93612 88305
95239 15869
93778 25646
93262 83264
17138 3983
92701 17152
95443 27083
95380 63993
95164 57792
95285 21112
95224 93962
94009 33023
92457 36828
95724 32606
95864 90059
88039 92281
95519 54272
95717 7866
95996 36982
96071 1020
96397 85807
96274 93750
96285 75684
96553 96546
96053 86036
94051 6736
96667 96546
92178 96571
96680 12626
93880 75684
96908 1759
96899 92702
96899 66258
96029 18043
28837 2498
96987 15814
95845 29566
93133 2065
96731 35847
97108 13510
41706 31947
95280 36887
82807 36887
82376 36887
81151 36887
58568 36887
51033 36887
50254 36887
97367 8276
97300 47989
93483 29891
97500 16915
97459 97325
97434 93750
97560 25480
95915 27751
95275 12538
95275 42347
93713 1184
93344 13510
97860 28296
95672 13943
98006 591
97689 93168
2728 98276
11520 3493
87701 3493
98407 6851
98623 2065
98647 69981
97608 61338
98570 43517
97415 3436
45766 15869
21691 14162
98766 61686
7002 4940
98788 44608
5403 5413
8946 8903
7362 1146
15497 6435
98921 2951
58504 86553
98965 25603
99021 1020
85239 12834
89763 12834
68172 45700
99040 90298
67676 25646
41028 36220
100080 71754
100125 75684
36863 38672
100245 27808
100245 18546
100255 1020
100334 20886
100285 14430
100386 3091
100426 25646
100521 17128
100514 38388
97426 81561
100433 50252
100645 65672
100512 43036
100344 75684
100436 75684
100382 2137
97337 47924
100840 2885
100477 35847
100477 18008
96009 58168
100863 17382
100965 75684
100962 25646
33189 2695
101109 75684
65376 8090
101124 29416
101270 30332
101300 18644
20857 12538
67283 36545
100519 50252
101422 28296
100768 43517
11789 48639
101801 4206
101820 39382
11389 338
101900 1184
101967 2065
101975 38822
101922 12834
102072 6199
102073 46687
102088 91722
102106 56857
102220 64108
101697 23010
102309 5566
102373 85752
102339 87489
84498 34154
102668 43975
102712 102382
80875 63585
100470 98204
103101 12347
103330 96571
103427 75684
103297 2298
103178 45166
100567 92025
103337 35847
103337 38555
103677 13510
103676 28296
103819 30332
103484 96546
103983 36860
103963 35847
101654 64811
104181 87229
89591 23055
104301 51583
104814 51583
105014 14555
105050 87472
105003 104170
105132 26956
105156 89777
105268 95874
105303 12834
105427 15869
105527 4142
105644 17152
105661 13510
105742 102043
105683 88850
103206 12608
105958 48694
105950 12626
106018 42347
106136 104852
106154 1184
106191 21296
106228 96571
106322 91900
106438 7069
106476 17152
106465 34524
106283 25646
82155 69981
106600 22582
106688 88930
106779 103407
106615 9642
102155 25646
106967 40924
104583 106921
107163 100657
108319 17152
106374 40474
107200 40924
83468 58360
86109 60897
108498 30320
108672 106226
108818 49188
58623 59664
108904 59664
108897 13510
108569 164
109223 1759
109190 22706
82241 109082
105718 23010
109557 89777
106203 29416
109643 2129
109909 7069
109951 5673
109417 89777
110033 93375
110062 15869
110163 13510
110164 27808
110212 3079
110608 27083
110608 2065
77501 64381
110750 33064
110821 44608
111055 28296
111035 73168
111081 13705
111398 97585
73001 43706
111593 390
111571 14958
111788 45612
111803 476
110268 96546
111860 88159
111885 37760
112022 25918
112072 61115
110174 69878
112126 44873
80701 12167
112187 29677
112247 14910
112392 98431
112410 44848
112554 22708
112671 63630
112989 1020
101085 16220
113221 20369
78524 87243
113358 6851
62946 49301
113466 5039
113636 13510
103098 88159
114323 66039
114434 58273
114418 96546
113820 216
114649 11407
114649 2437
114590 62210
114772 27808
115100 115097
115275 29677
115231 29769
115027 33801
115180 25418
106386 111525
114771 19987
115095 50328
115496 14910
87982 115421
114805 12538
82684 92025
113060 23010
115798 6851
108481 25918
115823 46926
115853 68687
113664 44848
116056 58021
116177 53720
64137 21300
116461 13448
116518 116473
116525 106921
118878 13510
118959 35925
119167 28296
119311 75684
119269 64569
119323 73168
119025 75684
119226 73168
92467 102821
119691 119690
119636 23010
119587 69981
119977 117220
120446 89777
120568 29495
120616 35847
120926 65781
119586 15869
121043 84556
120642 120362
120987 44873
122342 113428
21669 28767
100714 23396
85998 41033
7099 11407
123624 11407
123731 120362
34154 110939
122980 55098
123214 86500
122786 119316
123821 116508
122680 29192
122680 36380
123014 15984
88077 119312
120575 98975
119754 17152
119754 12538
123167 123098
120224 46482
120401 18111
123758 25646
124117 2437
124384 34948
124173 102821
124173 87664
121152 12616
124558 29677
124917 33496
114150 40924
125012 26157
125043 111082
125217 40924
125217 106967
95665 9815
125433 60446
125505 15869
125567 20097
125535 75684
125903 1784
7391 45
126390 1705
125706 123404
124983 34933
125495 90265
123948 64948
125097 25200
126432 44608
125637 120362
125296 122992
127436 12330
126195 127507
127731 125478
126947 110681
126703 476
127304 97399
127563 58614
127725 54108
100139 13510
127464 92025
127673 61338
127512 96546
127559 12616
127604 110681
127249 44959
69212 36321
127051 36321
127067 125408
127715 63140
128181 110681
128380 63904
127764 127739
124997 14430
128343 100657
128651 25200
128757 11407
120166 15869
127980 35332
129059 18008
129249 1
78785 48880
13916 48880
129243 1184
109106 48880
129391 109937
129489 67352
129461 109005
129600 47580
129864 1
129864 236
130134 125408
130247 83080
130477 12330
131143 15869
131793 14267
132096 3091
132285 47947
132000 35925
132996 58021
133161 124298
133174 127739
133186 88563
133447 112455
133439 17152
50447 132551
134507 130755
133776 84486
134669 67053
134797 6405
113370 88563
113370 29669
132648 1759
134673 29741
135095 27803
135243 7916
135272 93413
135806 17152
136089 87626
135117 36860
129952 58828
136041 16992
135426 135424
136397 7916
137276 15717
137369 137362
137327 27083
137326 96736
137495 62092
137473 28296
136504 27083
136504 84282
137128 40771
138040 84486
130737 111427
130143 7731
101398 47081
34687 21112
21535 42877
138205 73567
89516 476
93991 107107
138215 34606
135740 14559
138672 29359
138265 25646
138920 25646
138530 35998
138775 110544
137985 84486
137806 164
137711 123204
137700 120394
137559 137473
137994 136759
138748 2065
137701 91656
137636 28649
138515 17152
105120 112455
50366 21050
139205 4206
139185 110929
139241 33628
139279 21653
139300 14958
139172 57412
139323 641
139322 6849
35326 25019
139393 47213
63630 20364
139419 27751
57130 909
139494 139489
139480 41455
139559 43087
139543 139489
139582 127739
77715 35925
113110 47213
139078 81368
139716 110681
51115 43517
139834 138467
21786 9767
3298 9767
139851 43892
139932 37294
139901 65557
23122 16071
14806 47213
140134 98276
140220 43517
140295 51662
140444 27230
140419 54272
140500 3091
140518 17152
140502 128862
140466 43707
140547 34822
140607 13510
140645 7168
140695 35925
140723 12834
140796 6851
103483 28294
140844 27808
140863 23055
131157 123204
140996 123204
101993 123204
141023 89625
141042 141043
141074 20320
141128 42006
141108 81858
141101 126127
141360 127739
141419 28296
141429 141319
141456 80994
141461 6849
141518 13510
141597 27083
141646 27083
141680 29394
112390 44608
141823 127739
63220 69983
96193 137290
141971 17152
142071 8011
141616 131545
104852 28296
142100 127739
142141 127507
142186 75311
142194 100077
142313 10351
142365 9627
142418 13510
142447 33496
142474 40763
142571 44608
142624 26046
142899 12626
109501 83432
143001 23224
135564 134230
137554 134230
143139 2885
143339 142505
143392 13510
143410 143330
143669 130739
143803 12834
143824 127769
143853 125135
143924 125743
144051 124302
144190 110681
25761 28657
144378 144314
144423 110681
144527 35847
144918 13510
145010 18029
145029 13510
96060 144530
144136 51527
144755 18644
145147 12167
145199 144279
145199 144412
145238 13375
145352 144670
145352 143330
144740 107164
145750 13510
144831 88676
145766 20364
146011 52287
75626 5652
141181 89342
37043 47157
37043 5652
146242 29347
146355 137324
146328 144966
146562 127485
147677 142043
147722 42474
148145 127739
148152 52099
148411 110470
148508 6208
148638 130273
148649 130273
148834 12330
148844 110681
148990 115571
149242 79072
116064 124383
73443 124383
149275 136107
149275 124383
149297 29292
149430 55953
149472 17482
149377 17402
149617 63712
149605 88159
149662 27808
85695 25229
150254 6849
130908 150265
150237 144775
149260 134765
150430 17152
150525 150523
150428 70215
150720 150523
150767 134230
133939 134230
151009 150994
150214 50681
149679 97817
148965 28296
144216 40216
151437 139232
151544 46926
151498 44608
151810 38369
150775 42347
151549 115961
152166 17152
152166 13510
152282 6849
91681 98975
152608 35925
124441 115888
90339 5109
152742 127769
126130 44873
44873 115592
154003 127739
154352 6422
154520 131188
154193 69567
154227 44574
154740 143514
154992 13510
155002 81525
155036 12616
155185 43892
155170 35668
155302 17152
155370 59664
155497 145443
155509 2065
155902 70215
155912 140021
33113 9312
156746 66039
156799 13510
156846 30332
156910 47213
157017 14249
157352 98276
156644 2298
158124 17152
27836 51201
158692 127739
158946 5705
159001 127739
159022 17152
159145 127739
159310 1931
159378 13510
159632 17152
159668 6851
159402 69263
159124 89741
159584 127739
159597 17152
159749 93022
159844 127739
159914 114491
102093 44608
159691 44608
159430 22708
160105 17152
160175 159973
159987 159832
160102 103961
160353 155754
60826 50681
160500 12303
160604 52099
160649 341
160628 17152
160459 160044
123274 60894
160553 29952
160700 24304
160788 159832
160942 159832
161093 96500
161056 20320
161179 69983
161439 128349
161481 82978
161562 75684
108911 4497
161475 69983
161597 38129
161852 25295
161842 115369
161820 12626
161989 159109
162070 35925
162115 6849
161986 127739
162162 127739
160851 216
160834 69127
162563 127739
162560 127739
162837 66039
163119 17152
163308 32953
163515 21112
163661 6849
164184 30332
164199 164100
164418 9464
150748 132878
164429 9545
164468 164249
164604 35925
164310 42347
164309 127739
163864 163958
164193 58021
165129 285
165230 127739
165313 127739
165415 37052
165461 91722
165511 83432
165453 165188
165399 165263
165640 157382
165300 164625
165587 57447
166023 7069
166113 3079
158149 127739
166179 127739
166059 154959
149198 154959
166298 52099
166348 35062
166278 146169
161677 160935
166535 34524
166505 127739
166493 116323
53216 89556
167141 51201
166897 13510
166572 65246
167251 24785
167606 127739
167700 62611
168009 127739
168188 127739
167719 57456
168756 127739
136165 37443
167340 22884
166629 21042
169224 152728
168959 81529
169339 127739
169435 154274
169473 20364
169429 35418
169900 147830
170149 44608
170211 127739
170213 127739
170263 38388
170445 160430
170575 51651
170743 27313
170743 61320
167069 165188
167069 165453
170871 170413
